testlist <- list(type = 0L, z = 1.15729496261815e-309)