testlist <- list(x = 436207616L, y = 0L)